81 14
c h p k c c p u s c n k s u p p c n k k s u s u c n s n s u k c k k c c h h u k p p c u s u s u p c s n c u s u s p p k c k c n u u u n k u u k c k k u h p p h h
2 10
3 22
5 35
6 18
8 14
10 78
12 80
13 60
14 64
15 1
1 38
16 18
18 42
19 64
20 58
21 68
24 11
11 51
25 53
28 70
30 9
32 49
33 44
35 26
36 43
37 57
38 22
22 75
40 23
42 64
45 9
9 61
46 55
49 69
50 71
52 48
48 29
29 78
53 41
41 71
54 78
55 61
57 47
59 68
60 67
61 31
31 67
62 26
64 4
65 39
39 34
67 27
27 26
26 23
69 68
68 17
70 75
71 58
72 4
4 47
73 51
51 34
74 58
58 76
75 78
76 63
63 43
77 56
56 7
7 66
66 78
78 34
34 23
23 17
79 17
17 44
44 43
43 47
47 81
80 81
k 586084517 u n
k 137004648 p u
k 502170925 k u
s 964188285 u k
k 376355843 u h
h 42109161 u c
k 904664151 n k
h 16339239 k c
s 763391815 u h
n 23320946 h u
u 445241368 n s
h 422496941 k h
c 599794882 p h
p 548976775 c k
100
59 38
7 42
38 68
29 10
27 16
75 60
5 81
22 27
37 74
11 16
73 34
51 77
21 6
6 7
70 16
67 1
37 28
27 3
25 56
77 1
18 28
17 38
57 59
62 61
61 46
51 27
29 2
6 27
55 7
26 16
11 9
50 27
26 76
56 71
42 10
36 35
22 67
70 79
65 1
14 54
54 3
50 75
26 45
18 17
38 24
51 55
38 16
64 72
18 6
42 63
68 48
22 3
75 66
15 8
67 35
50 1
25 68
32 69
63 15
66 33
72 26
32 26
74 66
67 38
16 7
20 11
44 80
31 18
30 3
73 60
41 76
54 61
23 61
73 62
76 41
45 68
60 44
44 49
46 51
64 53
57 29
45 24
26 56
42 35
31 36
55 69
73 51
79 40
60 75
48 71
64 39
13 60
56 15
18 40
33 6
12 46
5 54
59 66
48 67
11 61
