63 15
s h k n c p u c c h n p k u n n p s k c k h u c u u s p k c k s h c h s p k k u c u s u c n n n u s c k k s h k h c c h c s k
6 7
14 15
15 16
47 48
36 37
29 30
35 36
16 17
57 58
37 38
12 13
8 9
61 62
58 59
40 41
33 34
25 26
46 47
21 22
44 45
28 29
56 57
17 18
22 23
53 54
18 19
1 2
11 12
52 53
51 52
50 51
59 60
38 39
54 55
34 35
13 14
60 61
9 10
26 27
5 6
41 42
49 50
20 21
3 4
48 49
31 32
30 31
23 24
39 40
45 46
10 11
7 8
32 33
27 28
24 25
19 20
43 44
2 3
42 43
4 5
62 63
55 56
p 922832033 p n
u 224623075 c h
h 616314855 u p
n 694842188 n h
k 184542729 c h
k 483116453 h p
p 707934602 k s
s 462542838 c p
n 753907530 c u
n 274575572 c p
u 389346108 n u
s 985593918 n k
s 581061724 n c
k 917476009 u n
h 502472159 n c
100
45 2
13 31
45 18
31 51
28 32
7 19
14 63
27 6
33 3
41 31
3 52
48 37
26 63
15 31
13 42
7 15
9 58
57 50
4 30
12 23
44 48
48 12
26 50
20 52
33 43
30 11
56 37
17 15
23 43
11 59
55 18
12 26
23 18
17 48
23 8
19 16
22 58
12 6
35 63
7 35
1 59
31 27
19 22
54 53
19 21
47 4
29 53
10 4
41 42
23 34
23 55
32 15
19 36
19 17
61 26
24 46
25 62
17 41
1 18
56 49
51 53
59 47
39 55
54 46
34 5
46 36
13 45
59 39
22 5
18 39
51 52
51 32
50 38
38 50
36 15
29 14
51 28
29 48
50 15
21 32
25 19
7 2
40 57
38 27
17 16
3 37
7 62
12 57
57 4
9 29
28 21
47 4
21 53
18 42
32 17
33 10
23 9
53 52
33 61
31 60
