56 14
h u n u c h s k s s k k c n k u p c s h u p k k u k p n k u k u k s h k u p p s h n h p c n p k u s c p c p p s
46 47
1 2
5 6
8 9
28 29
39 40
16 17
30 31
3 4
15 16
53 54
47 48
42 43
35 36
12 13
31 32
9 10
49 50
14 15
2 3
50 51
26 27
20 21
55 56
54 55
7 8
25 26
48 49
45 46
10 11
19 20
18 19
36 37
41 42
37 38
44 45
40 41
11 12
27 28
21 22
4 5
33 34
22 23
38 39
43 44
52 53
23 24
24 25
13 14
32 33
51 52
6 7
34 35
29 30
17 18
k 950123579 p u
c 126173814 h h
h 658786589 c k
u 782091820 h h
u 246410282 h k
k 56273355 k h
s 106851789 h k
c 413607204 s h
p 450399934 u p
p 710451554 u n
u 741165427 n p
n 633888674 s c
n 981539541 c c
s 253064904 c h
100
31 16
27 51
6 27
13 41
32 29
23 6
3 52
15 26
30 16
55 1
15 56
7 25
6 22
16 23
31 6
18 28
35 39
23 25
19 38
19 14
22 33
28 41
10 23
1 49
2 37
52 50
2 32
10 53
17 6
23 16
22 45
20 2
52 40
55 13
7 24
44 18
20 10
14 54
9 32
41 37
11 36
50 5
8 33
18 2
38 10
6 24
2 49
42 52
2 26
41 28
52 5
47 18
28 23
16 5
2 9
46 47
1 16
54 8
50 35
51 41
47 1
50 27
48 16
13 14
25 23
40 42
42 45
39 25
22 23
22 42
44 6
23 24
25 54
32 17
4 49
34 32
17 34
11 44
15 3
5 47
50 23
29 15
1 56
53 40
41 34
50 47
16 38
38 9
3 16
15 10
32 2
6 15
5 23
42 37
31 40
26 55
12 3
54 27
26 47
47 46
