80 15
p s c c h h u s k h n s h p s n h p k p s u n k h h s u s c k s s c u n u u c k n s p c k h p h h n h c n n s u c c h k s c n h u p p k u k u k p p u p p h k p
2 40
4 23
5 9
13 69
14 34
15 48
16 67
18 67
20 49
24 64
25 57
26 38
28 8
8 19
29 41
32 23
23 79
44 59
45 37
49 80
50 66
51 59
54 17
55 63
57 33
33 60
58 72
59 56
60 46
46 11
11 40
40 48
48 65
62 41
41 1
63 35
35 39
64 74
65 9
9 30
66 47
47 39
67 43
43 53
53 12
12 76
68 3
3 79
69 38
70 42
42 36
36 37
71 72
74 6
6 34
34 39
39 19
75 56
76 56
56 22
77 10
10 61
61 52
52 27
27 37
37 38
38 22
78 31
31 30
30 7
79 21
21 17
17 22
22 72
72 73
73 19
19 1
1 7
7 80
n 976404498 s s
k 717140573 n p
k 905009910 p s
h 953098677 s c
n 515261248 p k
k 893973737 n s
u 118750128 h p
s 387955748 h n
h 370909752 s u
c 486438213 c h
k 643332559 c s
s 868906960 c p
s 37796230 k h
s 446429220 k s
c 258005720 c n
100
35 21
13 1
78 40
75 6
7 53
27 39
37 21
1 7
38 22
3 15
75 73
44 24
22 68
11 69
50 16
1 55
75 76
71 22
66 8
53 47
58 43
76 33
14 30
15 41
79 64
49 76
79 15
34 27
52 24
67 16
24 62
23 71
40 7
5 16
5 64
74 33
54 5
4 33
53 41
24 62
62 36
60 72
51 16
13 68
10 28
43 25
61 73
24 70
41 63
45 11
32 9
38 75
55 52
80 48
56 5
18 71
49 64
17 16
20 49
26 15
69 23
60 46
79 20
11 25
63 47
15 64
23 18
3 56
29 59
6 26
73 63
29 35
26 51
31 19
50 2
71 14
37 58
38 46
78 30
47 30
11 69
73 32
28 41
33 57
39 26
21 48
7 73
10 66
57 13
70 17
77 1
6 32
75 68
58 73
27 39
20 7
76 67
61 76
46 17
64 60
