37 31
h u k p u c c p n u c s c c s s k s n n h k c h k n u s c c n n s n k h p
32 33
28 29
23 24
7 8
9 10
30 31
31 32
16 17
15 16
22 23
10 11
13 14
27 28
21 22
1 2
24 25
12 13
8 9
26 27
29 30
33 34
3 4
2 3
5 6
17 18
19 20
36 37
20 21
25 26
14 15
6 7
34 35
11 12
18 19
35 36
4 5
c 484271968 u u
k 112505076 s u
k 731344762 p n
k 151182471 h n
n 612662915 h c
p 860330740 p u
k 608509680 u p
p 232967265 p s
s 674798851 h h
p 225739324 h p
h 342123340 u k
n 586651484 h s
h 3911026 h n
s 643779685 p p
u 525052723 h p
k 610340975 k n
p 902207400 n c
u 900555241 n p
c 845072077 s p
s 260551611 p s
s 279386944 p h
s 480633003 n u
c 572900937 s h
h 955172097 u n
c 297011738 n n
s 183569004 h n
n 866454615 p p
p 359423526 k k
s 534769367 u h
p 389759319 n s
h 322193068 u s
100
8 2
15 24
13 5
21 8
10 37
4 29
20 31
36 14
12 35
26 1
4 35
10 35
9 20
32 27
15 37
28 21
21 32
1 21
19 35
6 1
12 27
18 11
26 4
30 36
16 33
32 29
8 25
4 27
2 34
31 28
16 10
13 10
24 9
12 13
14 27
19 12
9 10
22 35
24 15
37 6
13 29
33 36
18 17
31 18
10 27
13 34
29 16
33 27
25 11
27 16
2 15
7 10
16 29
32 1
27 24
22 9
10 6
27 16
11 31
11 3
18 22
4 12
1 24
11 33
36 16
30 28
35 15
9 25
9 18
11 12
35 30
4 10
29 28
27 9
29 10
14 30
13 8
26 12
17 34
23 10
8 19
28 36
23 4
2 10
17 32
4 29
5 12
7 29
15 21
36 20
26 35
24 12
16 32
10 26
31 26
9 20
10 20
21 9
33 19
34 18
